{
 "cells": [
  {
   "cell_type": "markdown",
   "metadata": {},
   "source": [
    "特徴量間の相関を調べる。"
   ]
  },
  {
   "cell_type": "code",
   "execution_count": 15,
   "metadata": {},
   "outputs": [],
   "source": [
    "import pandas as pd\n",
    "import numpy as np\n",
    "import matplotlib.pyplot as plt\n",
    "from sklearn.model_selection import train_test_split\n",
    "import scipy as sp\n",
    "import lightgbm as lgb\n",
    "import category_encoders as ce\n",
    "# import mojimoji\n",
    "import re\n",
    "from cmath import nan\n",
    "from sklearn.ensemble import RandomForestRegressor\n",
    "from sklearn.metrics import accuracy_score\n",
    "import optuna\n",
    "from sklearn.metrics import mean_squared_error\n",
    "import japanize_matplotlib"
   ]
  },
  {
   "cell_type": "code",
   "execution_count": 16,
   "metadata": {},
   "outputs": [],
   "source": [
    "###訓練データの読み込み\n",
    "house_age = pd.read_csv('house_age.csv')\n",
    "area_size = pd.read_csv('area_size.csv')\n",
    "room_arrange = pd.read_csv('room_arrange.csv')\n",
    "contract_span = pd.read_csv('contract_span.csv')#欠損値をゼロ埋めした契約期間\n",
    "contract_span2 = pd.read_csv('contract_span2.csv')#欠損値を欠損値のままにした契約期間\n",
    "reg_rent = pd.read_csv('reg_rent.csv')\n",
    "floor_scores = pd.read_csv('floor_scores.csv')#「所在階」と「全体の階数」が連動して欠損値になる場合のある「所在階」\n",
    "floor_scores2 = pd.read_csv('floor_scores2.csv')#「所在階」と「全体の階数」が独立している「所在階」\n",
    "Floor_scores = pd.read_csv('capital_floor_scores.csv')#「所在階」と「全体の階数」が連動して欠損値になる場合のある「全体の階数」\n",
    "Floor_scores2 = pd.read_csv('capital_floor_scores2.csv')#「所在階」と「全体の階数」が独立している「全体の階数」\n",
    "stations = pd.read_csv('stations.csv')\n",
    "minits = pd.read_csv('minits.csv')\n",
    "addresses = pd.read_csv('addresses.csv')\n",
    "room_arrange = pd.read_csv('room_arrange.csv')\n",
    "\n",
    "rent = pd.read_csv('rent.csv')\n",
    "\n",
    "\n",
    "##テストデータの読み込み\n",
    "test_house_age = pd.read_csv('test_house_age.csv')\n",
    "test_area_size = pd.read_csv('test_area_size.csv')\n",
    "test_room_arrange = pd.read_csv('test_room_arrange.csv')\n",
    "test_contract_span = pd.read_csv('test_contract_span.csv')\n",
    "test_contract_span2 = pd.read_csv('test_contract_span2.csv')\n",
    "test_reg_rent = pd.read_csv('test_reg_rent.csv')\n",
    "test_floor_scores = pd.read_csv('test_floor_scores.csv')\n",
    "test_floor_scores2 = pd.read_csv('test_floor_scores2.csv')\n",
    "test_Floor_scores = pd.read_csv('test_capital_floor_scores.csv')\n",
    "test_Floor_scores2 = pd.read_csv('test_capital_floor_scores2.csv')\n",
    "test_stations = pd.read_csv('test_stations.csv')\n",
    "test_minits = pd.read_csv('test_minits.csv')\n",
    "test_addresses = pd.read_csv('test_addresses.csv')\n",
    "test_room_arrange = pd.read_csv('test_room_arrange.csv')"
   ]
  },
  {
   "cell_type": "code",
   "execution_count": 17,
   "metadata": {},
   "outputs": [
    {
     "data": {
      "text/html": [
       "<div>\n",
       "<style scoped>\n",
       "    .dataframe tbody tr th:only-of-type {\n",
       "        vertical-align: middle;\n",
       "    }\n",
       "\n",
       "    .dataframe tbody tr th {\n",
       "        vertical-align: top;\n",
       "    }\n",
       "\n",
       "    .dataframe thead th {\n",
       "        text-align: right;\n",
       "    }\n",
       "</style>\n",
       "<table border=\"1\" class=\"dataframe\">\n",
       "  <thead>\n",
       "    <tr style=\"text-align: right;\">\n",
       "      <th></th>\n",
       "      <th>築年数</th>\n",
       "      <th>面積</th>\n",
       "      <th>契約期間</th>\n",
       "      <th>定期借家</th>\n",
       "      <th>所在階</th>\n",
       "      <th>全体の階数</th>\n",
       "      <th>最寄り駅</th>\n",
       "      <th>所要時間</th>\n",
       "      <th>所在地</th>\n",
       "      <th>部屋数</th>\n",
       "      <th>L</th>\n",
       "      <th>D</th>\n",
       "      <th>K</th>\n",
       "      <th>S</th>\n",
       "    </tr>\n",
       "  </thead>\n",
       "  <tbody>\n",
       "    <tr>\n",
       "      <th>築年数</th>\n",
       "      <td>1.000000</td>\n",
       "      <td>-0.024997</td>\n",
       "      <td>-0.021954</td>\n",
       "      <td>0.035393</td>\n",
       "      <td>-0.161228</td>\n",
       "      <td>-0.212242</td>\n",
       "      <td>-0.020036</td>\n",
       "      <td>0.085138</td>\n",
       "      <td>0.017103</td>\n",
       "      <td>0.224194</td>\n",
       "      <td>-0.169333</td>\n",
       "      <td>0.015629</td>\n",
       "      <td>-0.089629</td>\n",
       "      <td>-0.025648</td>\n",
       "    </tr>\n",
       "    <tr>\n",
       "      <th>面積</th>\n",
       "      <td>-0.024997</td>\n",
       "      <td>1.000000</td>\n",
       "      <td>0.198595</td>\n",
       "      <td>0.023916</td>\n",
       "      <td>0.241597</td>\n",
       "      <td>0.305203</td>\n",
       "      <td>0.002166</td>\n",
       "      <td>0.074915</td>\n",
       "      <td>0.005578</td>\n",
       "      <td>0.718179</td>\n",
       "      <td>0.683412</td>\n",
       "      <td>0.687173</td>\n",
       "      <td>0.317683</td>\n",
       "      <td>0.236148</td>\n",
       "    </tr>\n",
       "    <tr>\n",
       "      <th>契約期間</th>\n",
       "      <td>-0.021954</td>\n",
       "      <td>0.198595</td>\n",
       "      <td>1.000000</td>\n",
       "      <td>0.402426</td>\n",
       "      <td>0.061712</td>\n",
       "      <td>0.105165</td>\n",
       "      <td>-0.017169</td>\n",
       "      <td>-0.018258</td>\n",
       "      <td>-0.041561</td>\n",
       "      <td>0.138874</td>\n",
       "      <td>0.121148</td>\n",
       "      <td>0.105525</td>\n",
       "      <td>0.036152</td>\n",
       "      <td>0.079338</td>\n",
       "    </tr>\n",
       "    <tr>\n",
       "      <th>定期借家</th>\n",
       "      <td>0.035393</td>\n",
       "      <td>0.023916</td>\n",
       "      <td>0.402426</td>\n",
       "      <td>1.000000</td>\n",
       "      <td>0.026725</td>\n",
       "      <td>0.036783</td>\n",
       "      <td>-0.013839</td>\n",
       "      <td>0.069939</td>\n",
       "      <td>0.002089</td>\n",
       "      <td>0.020374</td>\n",
       "      <td>0.000877</td>\n",
       "      <td>0.003912</td>\n",
       "      <td>-0.000884</td>\n",
       "      <td>0.012330</td>\n",
       "    </tr>\n",
       "    <tr>\n",
       "      <th>所在階</th>\n",
       "      <td>-0.161228</td>\n",
       "      <td>0.241597</td>\n",
       "      <td>0.061712</td>\n",
       "      <td>0.026725</td>\n",
       "      <td>1.000000</td>\n",
       "      <td>0.776163</td>\n",
       "      <td>0.002179</td>\n",
       "      <td>-0.195676</td>\n",
       "      <td>-0.031526</td>\n",
       "      <td>0.062794</td>\n",
       "      <td>0.221439</td>\n",
       "      <td>0.151762</td>\n",
       "      <td>0.083731</td>\n",
       "      <td>0.077216</td>\n",
       "    </tr>\n",
       "    <tr>\n",
       "      <th>全体の階数</th>\n",
       "      <td>-0.212242</td>\n",
       "      <td>0.305203</td>\n",
       "      <td>0.105165</td>\n",
       "      <td>0.036783</td>\n",
       "      <td>0.776163</td>\n",
       "      <td>1.000000</td>\n",
       "      <td>-0.007904</td>\n",
       "      <td>-0.222999</td>\n",
       "      <td>-0.051523</td>\n",
       "      <td>0.069059</td>\n",
       "      <td>0.260433</td>\n",
       "      <td>0.164362</td>\n",
       "      <td>0.094298</td>\n",
       "      <td>0.105392</td>\n",
       "    </tr>\n",
       "    <tr>\n",
       "      <th>最寄り駅</th>\n",
       "      <td>-0.020036</td>\n",
       "      <td>0.002166</td>\n",
       "      <td>-0.017169</td>\n",
       "      <td>-0.013839</td>\n",
       "      <td>0.002179</td>\n",
       "      <td>-0.007904</td>\n",
       "      <td>1.000000</td>\n",
       "      <td>-0.164691</td>\n",
       "      <td>0.325510</td>\n",
       "      <td>-0.035293</td>\n",
       "      <td>0.005399</td>\n",
       "      <td>-0.013272</td>\n",
       "      <td>-0.009554</td>\n",
       "      <td>-0.018066</td>\n",
       "    </tr>\n",
       "    <tr>\n",
       "      <th>所要時間</th>\n",
       "      <td>0.085138</td>\n",
       "      <td>0.074915</td>\n",
       "      <td>-0.018258</td>\n",
       "      <td>0.069939</td>\n",
       "      <td>-0.195676</td>\n",
       "      <td>-0.222999</td>\n",
       "      <td>-0.164691</td>\n",
       "      <td>1.000000</td>\n",
       "      <td>0.049309</td>\n",
       "      <td>0.162881</td>\n",
       "      <td>0.035268</td>\n",
       "      <td>0.084957</td>\n",
       "      <td>0.055522</td>\n",
       "      <td>0.021091</td>\n",
       "    </tr>\n",
       "    <tr>\n",
       "      <th>所在地</th>\n",
       "      <td>0.017103</td>\n",
       "      <td>0.005578</td>\n",
       "      <td>-0.041561</td>\n",
       "      <td>0.002089</td>\n",
       "      <td>-0.031526</td>\n",
       "      <td>-0.051523</td>\n",
       "      <td>0.325510</td>\n",
       "      <td>0.049309</td>\n",
       "      <td>1.000000</td>\n",
       "      <td>0.008998</td>\n",
       "      <td>-0.004970</td>\n",
       "      <td>0.004702</td>\n",
       "      <td>0.010888</td>\n",
       "      <td>-0.013888</td>\n",
       "    </tr>\n",
       "    <tr>\n",
       "      <th>部屋数</th>\n",
       "      <td>0.224194</td>\n",
       "      <td>0.718179</td>\n",
       "      <td>0.138874</td>\n",
       "      <td>0.020374</td>\n",
       "      <td>0.062794</td>\n",
       "      <td>0.069059</td>\n",
       "      <td>-0.035293</td>\n",
       "      <td>0.162881</td>\n",
       "      <td>0.008998</td>\n",
       "      <td>1.000000</td>\n",
       "      <td>0.333122</td>\n",
       "      <td>0.473661</td>\n",
       "      <td>0.221163</td>\n",
       "      <td>0.080320</td>\n",
       "    </tr>\n",
       "    <tr>\n",
       "      <th>L</th>\n",
       "      <td>-0.169333</td>\n",
       "      <td>0.683412</td>\n",
       "      <td>0.121148</td>\n",
       "      <td>0.000877</td>\n",
       "      <td>0.221439</td>\n",
       "      <td>0.260433</td>\n",
       "      <td>0.005399</td>\n",
       "      <td>0.035268</td>\n",
       "      <td>-0.004970</td>\n",
       "      <td>0.333122</td>\n",
       "      <td>1.000000</td>\n",
       "      <td>0.741282</td>\n",
       "      <td>0.280354</td>\n",
       "      <td>0.156180</td>\n",
       "    </tr>\n",
       "    <tr>\n",
       "      <th>D</th>\n",
       "      <td>0.015629</td>\n",
       "      <td>0.687173</td>\n",
       "      <td>0.105525</td>\n",
       "      <td>0.003912</td>\n",
       "      <td>0.151762</td>\n",
       "      <td>0.164362</td>\n",
       "      <td>-0.013272</td>\n",
       "      <td>0.084957</td>\n",
       "      <td>0.004702</td>\n",
       "      <td>0.473661</td>\n",
       "      <td>0.741282</td>\n",
       "      <td>1.000000</td>\n",
       "      <td>0.378057</td>\n",
       "      <td>0.125381</td>\n",
       "    </tr>\n",
       "    <tr>\n",
       "      <th>K</th>\n",
       "      <td>-0.089629</td>\n",
       "      <td>0.317683</td>\n",
       "      <td>0.036152</td>\n",
       "      <td>-0.000884</td>\n",
       "      <td>0.083731</td>\n",
       "      <td>0.094298</td>\n",
       "      <td>-0.009554</td>\n",
       "      <td>0.055522</td>\n",
       "      <td>0.010888</td>\n",
       "      <td>0.221163</td>\n",
       "      <td>0.280354</td>\n",
       "      <td>0.378057</td>\n",
       "      <td>1.000000</td>\n",
       "      <td>0.061389</td>\n",
       "    </tr>\n",
       "    <tr>\n",
       "      <th>S</th>\n",
       "      <td>-0.025648</td>\n",
       "      <td>0.236148</td>\n",
       "      <td>0.079338</td>\n",
       "      <td>0.012330</td>\n",
       "      <td>0.077216</td>\n",
       "      <td>0.105392</td>\n",
       "      <td>-0.018066</td>\n",
       "      <td>0.021091</td>\n",
       "      <td>-0.013888</td>\n",
       "      <td>0.080320</td>\n",
       "      <td>0.156180</td>\n",
       "      <td>0.125381</td>\n",
       "      <td>0.061389</td>\n",
       "      <td>1.000000</td>\n",
       "    </tr>\n",
       "  </tbody>\n",
       "</table>\n",
       "</div>"
      ],
      "text/plain": [
       "            築年数        面積      契約期間      定期借家       所在階     全体の階数      最寄り駅  \\\n",
       "築年数    1.000000 -0.024997 -0.021954  0.035393 -0.161228 -0.212242 -0.020036   \n",
       "面積    -0.024997  1.000000  0.198595  0.023916  0.241597  0.305203  0.002166   \n",
       "契約期間  -0.021954  0.198595  1.000000  0.402426  0.061712  0.105165 -0.017169   \n",
       "定期借家   0.035393  0.023916  0.402426  1.000000  0.026725  0.036783 -0.013839   \n",
       "所在階   -0.161228  0.241597  0.061712  0.026725  1.000000  0.776163  0.002179   \n",
       "全体の階数 -0.212242  0.305203  0.105165  0.036783  0.776163  1.000000 -0.007904   \n",
       "最寄り駅  -0.020036  0.002166 -0.017169 -0.013839  0.002179 -0.007904  1.000000   \n",
       "所要時間   0.085138  0.074915 -0.018258  0.069939 -0.195676 -0.222999 -0.164691   \n",
       "所在地    0.017103  0.005578 -0.041561  0.002089 -0.031526 -0.051523  0.325510   \n",
       "部屋数    0.224194  0.718179  0.138874  0.020374  0.062794  0.069059 -0.035293   \n",
       "L     -0.169333  0.683412  0.121148  0.000877  0.221439  0.260433  0.005399   \n",
       "D      0.015629  0.687173  0.105525  0.003912  0.151762  0.164362 -0.013272   \n",
       "K     -0.089629  0.317683  0.036152 -0.000884  0.083731  0.094298 -0.009554   \n",
       "S     -0.025648  0.236148  0.079338  0.012330  0.077216  0.105392 -0.018066   \n",
       "\n",
       "           所要時間       所在地       部屋数         L         D         K         S  \n",
       "築年数    0.085138  0.017103  0.224194 -0.169333  0.015629 -0.089629 -0.025648  \n",
       "面積     0.074915  0.005578  0.718179  0.683412  0.687173  0.317683  0.236148  \n",
       "契約期間  -0.018258 -0.041561  0.138874  0.121148  0.105525  0.036152  0.079338  \n",
       "定期借家   0.069939  0.002089  0.020374  0.000877  0.003912 -0.000884  0.012330  \n",
       "所在階   -0.195676 -0.031526  0.062794  0.221439  0.151762  0.083731  0.077216  \n",
       "全体の階数 -0.222999 -0.051523  0.069059  0.260433  0.164362  0.094298  0.105392  \n",
       "最寄り駅  -0.164691  0.325510 -0.035293  0.005399 -0.013272 -0.009554 -0.018066  \n",
       "所要時間   1.000000  0.049309  0.162881  0.035268  0.084957  0.055522  0.021091  \n",
       "所在地    0.049309  1.000000  0.008998 -0.004970  0.004702  0.010888 -0.013888  \n",
       "部屋数    0.162881  0.008998  1.000000  0.333122  0.473661  0.221163  0.080320  \n",
       "L      0.035268 -0.004970  0.333122  1.000000  0.741282  0.280354  0.156180  \n",
       "D      0.084957  0.004702  0.473661  0.741282  1.000000  0.378057  0.125381  \n",
       "K      0.055522  0.010888  0.221163  0.280354  0.378057  1.000000  0.061389  \n",
       "S      0.021091 -0.013888  0.080320  0.156180  0.125381  0.061389  1.000000  "
      ]
     },
     "execution_count": 17,
     "metadata": {},
     "output_type": "execute_result"
    }
   ],
   "source": [
    "X_train = pd.concat([house_age, area_size, contract_span2, reg_rent, floor_scores2, Floor_scores2, stations, minits, addresses, room_arrange], axis=1)\n",
    "y_train = rent\n",
    "\n",
    "X_train.corr()"
   ]
  },
  {
   "cell_type": "markdown",
   "metadata": {},
   "source": [
    "ターゲットも加えて相関行列をみる。"
   ]
  },
  {
   "cell_type": "code",
   "execution_count": 18,
   "metadata": {},
   "outputs": [
    {
     "data": {
      "text/html": [
       "<div>\n",
       "<style scoped>\n",
       "    .dataframe tbody tr th:only-of-type {\n",
       "        vertical-align: middle;\n",
       "    }\n",
       "\n",
       "    .dataframe tbody tr th {\n",
       "        vertical-align: top;\n",
       "    }\n",
       "\n",
       "    .dataframe thead th {\n",
       "        text-align: right;\n",
       "    }\n",
       "</style>\n",
       "<table border=\"1\" class=\"dataframe\">\n",
       "  <thead>\n",
       "    <tr style=\"text-align: right;\">\n",
       "      <th></th>\n",
       "      <th>賃料</th>\n",
       "      <th>築年数</th>\n",
       "      <th>面積</th>\n",
       "      <th>契約期間</th>\n",
       "      <th>定期借家</th>\n",
       "      <th>所在階</th>\n",
       "      <th>全体の階数</th>\n",
       "      <th>最寄り駅</th>\n",
       "      <th>所要時間</th>\n",
       "      <th>所在地</th>\n",
       "      <th>部屋数</th>\n",
       "      <th>L</th>\n",
       "      <th>D</th>\n",
       "      <th>K</th>\n",
       "      <th>S</th>\n",
       "    </tr>\n",
       "  </thead>\n",
       "  <tbody>\n",
       "    <tr>\n",
       "      <th>賃料</th>\n",
       "      <td>1.000000</td>\n",
       "      <td>-0.250612</td>\n",
       "      <td>0.749910</td>\n",
       "      <td>0.190267</td>\n",
       "      <td>0.013303</td>\n",
       "      <td>0.428685</td>\n",
       "      <td>0.494215</td>\n",
       "      <td>0.059439</td>\n",
       "      <td>-0.136089</td>\n",
       "      <td>-0.001000</td>\n",
       "      <td>0.373906</td>\n",
       "      <td>0.563746</td>\n",
       "      <td>0.472382</td>\n",
       "      <td>0.211328</td>\n",
       "      <td>0.195714</td>\n",
       "    </tr>\n",
       "    <tr>\n",
       "      <th>築年数</th>\n",
       "      <td>-0.250612</td>\n",
       "      <td>1.000000</td>\n",
       "      <td>-0.024997</td>\n",
       "      <td>-0.021954</td>\n",
       "      <td>0.035393</td>\n",
       "      <td>-0.161228</td>\n",
       "      <td>-0.212242</td>\n",
       "      <td>-0.020036</td>\n",
       "      <td>0.085138</td>\n",
       "      <td>0.017103</td>\n",
       "      <td>0.224194</td>\n",
       "      <td>-0.169333</td>\n",
       "      <td>0.015629</td>\n",
       "      <td>-0.089629</td>\n",
       "      <td>-0.025648</td>\n",
       "    </tr>\n",
       "    <tr>\n",
       "      <th>面積</th>\n",
       "      <td>0.749910</td>\n",
       "      <td>-0.024997</td>\n",
       "      <td>1.000000</td>\n",
       "      <td>0.198595</td>\n",
       "      <td>0.023916</td>\n",
       "      <td>0.241597</td>\n",
       "      <td>0.305203</td>\n",
       "      <td>0.002166</td>\n",
       "      <td>0.074915</td>\n",
       "      <td>0.005578</td>\n",
       "      <td>0.718179</td>\n",
       "      <td>0.683412</td>\n",
       "      <td>0.687173</td>\n",
       "      <td>0.317683</td>\n",
       "      <td>0.236148</td>\n",
       "    </tr>\n",
       "    <tr>\n",
       "      <th>契約期間</th>\n",
       "      <td>0.190267</td>\n",
       "      <td>-0.021954</td>\n",
       "      <td>0.198595</td>\n",
       "      <td>1.000000</td>\n",
       "      <td>0.402426</td>\n",
       "      <td>0.061712</td>\n",
       "      <td>0.105165</td>\n",
       "      <td>-0.017169</td>\n",
       "      <td>-0.018258</td>\n",
       "      <td>-0.041561</td>\n",
       "      <td>0.138874</td>\n",
       "      <td>0.121148</td>\n",
       "      <td>0.105525</td>\n",
       "      <td>0.036152</td>\n",
       "      <td>0.079338</td>\n",
       "    </tr>\n",
       "    <tr>\n",
       "      <th>定期借家</th>\n",
       "      <td>0.013303</td>\n",
       "      <td>0.035393</td>\n",
       "      <td>0.023916</td>\n",
       "      <td>0.402426</td>\n",
       "      <td>1.000000</td>\n",
       "      <td>0.026725</td>\n",
       "      <td>0.036783</td>\n",
       "      <td>-0.013839</td>\n",
       "      <td>0.069939</td>\n",
       "      <td>0.002089</td>\n",
       "      <td>0.020374</td>\n",
       "      <td>0.000877</td>\n",
       "      <td>0.003912</td>\n",
       "      <td>-0.000884</td>\n",
       "      <td>0.012330</td>\n",
       "    </tr>\n",
       "    <tr>\n",
       "      <th>所在階</th>\n",
       "      <td>0.428685</td>\n",
       "      <td>-0.161228</td>\n",
       "      <td>0.241597</td>\n",
       "      <td>0.061712</td>\n",
       "      <td>0.026725</td>\n",
       "      <td>1.000000</td>\n",
       "      <td>0.776163</td>\n",
       "      <td>0.002179</td>\n",
       "      <td>-0.195676</td>\n",
       "      <td>-0.031526</td>\n",
       "      <td>0.062794</td>\n",
       "      <td>0.221439</td>\n",
       "      <td>0.151762</td>\n",
       "      <td>0.083731</td>\n",
       "      <td>0.077216</td>\n",
       "    </tr>\n",
       "    <tr>\n",
       "      <th>全体の階数</th>\n",
       "      <td>0.494215</td>\n",
       "      <td>-0.212242</td>\n",
       "      <td>0.305203</td>\n",
       "      <td>0.105165</td>\n",
       "      <td>0.036783</td>\n",
       "      <td>0.776163</td>\n",
       "      <td>1.000000</td>\n",
       "      <td>-0.007904</td>\n",
       "      <td>-0.222999</td>\n",
       "      <td>-0.051523</td>\n",
       "      <td>0.069059</td>\n",
       "      <td>0.260433</td>\n",
       "      <td>0.164362</td>\n",
       "      <td>0.094298</td>\n",
       "      <td>0.105392</td>\n",
       "    </tr>\n",
       "    <tr>\n",
       "      <th>最寄り駅</th>\n",
       "      <td>0.059439</td>\n",
       "      <td>-0.020036</td>\n",
       "      <td>0.002166</td>\n",
       "      <td>-0.017169</td>\n",
       "      <td>-0.013839</td>\n",
       "      <td>0.002179</td>\n",
       "      <td>-0.007904</td>\n",
       "      <td>1.000000</td>\n",
       "      <td>-0.164691</td>\n",
       "      <td>0.325510</td>\n",
       "      <td>-0.035293</td>\n",
       "      <td>0.005399</td>\n",
       "      <td>-0.013272</td>\n",
       "      <td>-0.009554</td>\n",
       "      <td>-0.018066</td>\n",
       "    </tr>\n",
       "    <tr>\n",
       "      <th>所要時間</th>\n",
       "      <td>-0.136089</td>\n",
       "      <td>0.085138</td>\n",
       "      <td>0.074915</td>\n",
       "      <td>-0.018258</td>\n",
       "      <td>0.069939</td>\n",
       "      <td>-0.195676</td>\n",
       "      <td>-0.222999</td>\n",
       "      <td>-0.164691</td>\n",
       "      <td>1.000000</td>\n",
       "      <td>0.049309</td>\n",
       "      <td>0.162881</td>\n",
       "      <td>0.035268</td>\n",
       "      <td>0.084957</td>\n",
       "      <td>0.055522</td>\n",
       "      <td>0.021091</td>\n",
       "    </tr>\n",
       "    <tr>\n",
       "      <th>所在地</th>\n",
       "      <td>-0.001000</td>\n",
       "      <td>0.017103</td>\n",
       "      <td>0.005578</td>\n",
       "      <td>-0.041561</td>\n",
       "      <td>0.002089</td>\n",
       "      <td>-0.031526</td>\n",
       "      <td>-0.051523</td>\n",
       "      <td>0.325510</td>\n",
       "      <td>0.049309</td>\n",
       "      <td>1.000000</td>\n",
       "      <td>0.008998</td>\n",
       "      <td>-0.004970</td>\n",
       "      <td>0.004702</td>\n",
       "      <td>0.010888</td>\n",
       "      <td>-0.013888</td>\n",
       "    </tr>\n",
       "    <tr>\n",
       "      <th>部屋数</th>\n",
       "      <td>0.373906</td>\n",
       "      <td>0.224194</td>\n",
       "      <td>0.718179</td>\n",
       "      <td>0.138874</td>\n",
       "      <td>0.020374</td>\n",
       "      <td>0.062794</td>\n",
       "      <td>0.069059</td>\n",
       "      <td>-0.035293</td>\n",
       "      <td>0.162881</td>\n",
       "      <td>0.008998</td>\n",
       "      <td>1.000000</td>\n",
       "      <td>0.333122</td>\n",
       "      <td>0.473661</td>\n",
       "      <td>0.221163</td>\n",
       "      <td>0.080320</td>\n",
       "    </tr>\n",
       "    <tr>\n",
       "      <th>L</th>\n",
       "      <td>0.563746</td>\n",
       "      <td>-0.169333</td>\n",
       "      <td>0.683412</td>\n",
       "      <td>0.121148</td>\n",
       "      <td>0.000877</td>\n",
       "      <td>0.221439</td>\n",
       "      <td>0.260433</td>\n",
       "      <td>0.005399</td>\n",
       "      <td>0.035268</td>\n",
       "      <td>-0.004970</td>\n",
       "      <td>0.333122</td>\n",
       "      <td>1.000000</td>\n",
       "      <td>0.741282</td>\n",
       "      <td>0.280354</td>\n",
       "      <td>0.156180</td>\n",
       "    </tr>\n",
       "    <tr>\n",
       "      <th>D</th>\n",
       "      <td>0.472382</td>\n",
       "      <td>0.015629</td>\n",
       "      <td>0.687173</td>\n",
       "      <td>0.105525</td>\n",
       "      <td>0.003912</td>\n",
       "      <td>0.151762</td>\n",
       "      <td>0.164362</td>\n",
       "      <td>-0.013272</td>\n",
       "      <td>0.084957</td>\n",
       "      <td>0.004702</td>\n",
       "      <td>0.473661</td>\n",
       "      <td>0.741282</td>\n",
       "      <td>1.000000</td>\n",
       "      <td>0.378057</td>\n",
       "      <td>0.125381</td>\n",
       "    </tr>\n",
       "    <tr>\n",
       "      <th>K</th>\n",
       "      <td>0.211328</td>\n",
       "      <td>-0.089629</td>\n",
       "      <td>0.317683</td>\n",
       "      <td>0.036152</td>\n",
       "      <td>-0.000884</td>\n",
       "      <td>0.083731</td>\n",
       "      <td>0.094298</td>\n",
       "      <td>-0.009554</td>\n",
       "      <td>0.055522</td>\n",
       "      <td>0.010888</td>\n",
       "      <td>0.221163</td>\n",
       "      <td>0.280354</td>\n",
       "      <td>0.378057</td>\n",
       "      <td>1.000000</td>\n",
       "      <td>0.061389</td>\n",
       "    </tr>\n",
       "    <tr>\n",
       "      <th>S</th>\n",
       "      <td>0.195714</td>\n",
       "      <td>-0.025648</td>\n",
       "      <td>0.236148</td>\n",
       "      <td>0.079338</td>\n",
       "      <td>0.012330</td>\n",
       "      <td>0.077216</td>\n",
       "      <td>0.105392</td>\n",
       "      <td>-0.018066</td>\n",
       "      <td>0.021091</td>\n",
       "      <td>-0.013888</td>\n",
       "      <td>0.080320</td>\n",
       "      <td>0.156180</td>\n",
       "      <td>0.125381</td>\n",
       "      <td>0.061389</td>\n",
       "      <td>1.000000</td>\n",
       "    </tr>\n",
       "  </tbody>\n",
       "</table>\n",
       "</div>"
      ],
      "text/plain": [
       "             賃料       築年数        面積      契約期間      定期借家       所在階     全体の階数  \\\n",
       "賃料     1.000000 -0.250612  0.749910  0.190267  0.013303  0.428685  0.494215   \n",
       "築年数   -0.250612  1.000000 -0.024997 -0.021954  0.035393 -0.161228 -0.212242   \n",
       "面積     0.749910 -0.024997  1.000000  0.198595  0.023916  0.241597  0.305203   \n",
       "契約期間   0.190267 -0.021954  0.198595  1.000000  0.402426  0.061712  0.105165   \n",
       "定期借家   0.013303  0.035393  0.023916  0.402426  1.000000  0.026725  0.036783   \n",
       "所在階    0.428685 -0.161228  0.241597  0.061712  0.026725  1.000000  0.776163   \n",
       "全体の階数  0.494215 -0.212242  0.305203  0.105165  0.036783  0.776163  1.000000   \n",
       "最寄り駅   0.059439 -0.020036  0.002166 -0.017169 -0.013839  0.002179 -0.007904   \n",
       "所要時間  -0.136089  0.085138  0.074915 -0.018258  0.069939 -0.195676 -0.222999   \n",
       "所在地   -0.001000  0.017103  0.005578 -0.041561  0.002089 -0.031526 -0.051523   \n",
       "部屋数    0.373906  0.224194  0.718179  0.138874  0.020374  0.062794  0.069059   \n",
       "L      0.563746 -0.169333  0.683412  0.121148  0.000877  0.221439  0.260433   \n",
       "D      0.472382  0.015629  0.687173  0.105525  0.003912  0.151762  0.164362   \n",
       "K      0.211328 -0.089629  0.317683  0.036152 -0.000884  0.083731  0.094298   \n",
       "S      0.195714 -0.025648  0.236148  0.079338  0.012330  0.077216  0.105392   \n",
       "\n",
       "           最寄り駅      所要時間       所在地       部屋数         L         D         K  \\\n",
       "賃料     0.059439 -0.136089 -0.001000  0.373906  0.563746  0.472382  0.211328   \n",
       "築年数   -0.020036  0.085138  0.017103  0.224194 -0.169333  0.015629 -0.089629   \n",
       "面積     0.002166  0.074915  0.005578  0.718179  0.683412  0.687173  0.317683   \n",
       "契約期間  -0.017169 -0.018258 -0.041561  0.138874  0.121148  0.105525  0.036152   \n",
       "定期借家  -0.013839  0.069939  0.002089  0.020374  0.000877  0.003912 -0.000884   \n",
       "所在階    0.002179 -0.195676 -0.031526  0.062794  0.221439  0.151762  0.083731   \n",
       "全体の階数 -0.007904 -0.222999 -0.051523  0.069059  0.260433  0.164362  0.094298   \n",
       "最寄り駅   1.000000 -0.164691  0.325510 -0.035293  0.005399 -0.013272 -0.009554   \n",
       "所要時間  -0.164691  1.000000  0.049309  0.162881  0.035268  0.084957  0.055522   \n",
       "所在地    0.325510  0.049309  1.000000  0.008998 -0.004970  0.004702  0.010888   \n",
       "部屋数   -0.035293  0.162881  0.008998  1.000000  0.333122  0.473661  0.221163   \n",
       "L      0.005399  0.035268 -0.004970  0.333122  1.000000  0.741282  0.280354   \n",
       "D     -0.013272  0.084957  0.004702  0.473661  0.741282  1.000000  0.378057   \n",
       "K     -0.009554  0.055522  0.010888  0.221163  0.280354  0.378057  1.000000   \n",
       "S     -0.018066  0.021091 -0.013888  0.080320  0.156180  0.125381  0.061389   \n",
       "\n",
       "              S  \n",
       "賃料     0.195714  \n",
       "築年数   -0.025648  \n",
       "面積     0.236148  \n",
       "契約期間   0.079338  \n",
       "定期借家   0.012330  \n",
       "所在階    0.077216  \n",
       "全体の階数  0.105392  \n",
       "最寄り駅  -0.018066  \n",
       "所要時間   0.021091  \n",
       "所在地   -0.013888  \n",
       "部屋数    0.080320  \n",
       "L      0.156180  \n",
       "D      0.125381  \n",
       "K      0.061389  \n",
       "S      1.000000  "
      ]
     },
     "execution_count": 18,
     "metadata": {},
     "output_type": "execute_result"
    }
   ],
   "source": [
    "yX = pd.concat([y_train,X_train],axis=1)\n",
    "yX.corr()"
   ]
  },
  {
   "cell_type": "code",
   "execution_count": 26,
   "metadata": {},
   "outputs": [
    {
     "name": "stderr",
     "output_type": "stream",
     "text": [
      "c:\\Users\\koshi\\python\\signate\\mynabi\\venv\\lib\\site-packages\\lightgbm\\engine.py:181: UserWarning: 'early_stopping_rounds' argument is deprecated and will be removed in a future release of LightGBM. Pass 'early_stopping()' callback via 'callbacks' argument instead.\n",
      "  _log_warning(\"'early_stopping_rounds' argument is deprecated and will be removed in a future release of LightGBM. \"\n",
      "c:\\Users\\koshi\\python\\signate\\mynabi\\venv\\lib\\site-packages\\lightgbm\\basic.py:2068: UserWarning: categorical_feature in Dataset is overridden.\n",
      "New categorical_feature is ['D', 'K', 'L', 'S', '定期借家', '所在地', '最寄り駅']\n",
      "  _log_warning('categorical_feature in Dataset is overridden.\\n'\n",
      "c:\\Users\\koshi\\python\\signate\\mynabi\\venv\\lib\\site-packages\\lightgbm\\engine.py:239: UserWarning: 'verbose_eval' argument is deprecated and will be removed in a future release of LightGBM. Pass 'log_evaluation()' callback via 'callbacks' argument instead.\n",
      "  _log_warning(\"'verbose_eval' argument is deprecated and will be removed in a future release of LightGBM. \"\n",
      "c:\\Users\\koshi\\python\\signate\\mynabi\\venv\\lib\\site-packages\\lightgbm\\basic.py:1780: UserWarning: Overriding the parameters from Reference Dataset.\n",
      "  _log_warning('Overriding the parameters from Reference Dataset.')\n",
      "c:\\Users\\koshi\\python\\signate\\mynabi\\venv\\lib\\site-packages\\lightgbm\\basic.py:1513: UserWarning: categorical_column in param dict is overridden.\n",
      "  _log_warning(f'{cat_alias} in param dict is overridden.')\n"
     ]
    },
    {
     "name": "stdout",
     "output_type": "stream",
     "text": [
      "[LightGBM] [Warning] Auto-choosing row-wise multi-threading, the overhead of testing was 0.001122 seconds.\n",
      "You can set `force_row_wise=true` to remove the overhead.\n",
      "And if memory is not enough, you can set `force_col_wise=true`.\n",
      "[LightGBM] [Info] Total Bins 2341\n",
      "[LightGBM] [Info] Number of data points in the train set: 22029, number of used features: 14\n",
      "[LightGBM] [Info] Start training from score 118651.337373\n",
      "Training until validation scores don't improve for 10 rounds\n",
      "[10]\ttraining's rmse: 35409.7\tvalid_1's rmse: 41017.7\n",
      "[20]\ttraining's rmse: 20985.8\tvalid_1's rmse: 29980.8\n",
      "[30]\ttraining's rmse: 15796.7\tvalid_1's rmse: 26085.4\n",
      "[40]\ttraining's rmse: 13390.6\tvalid_1's rmse: 24508\n",
      "[50]\ttraining's rmse: 12056\tvalid_1's rmse: 23796.5\n",
      "[60]\ttraining's rmse: 11139.5\tvalid_1's rmse: 23322.4\n",
      "[70]\ttraining's rmse: 10400.3\tvalid_1's rmse: 22892\n",
      "[80]\ttraining's rmse: 9664.53\tvalid_1's rmse: 22571.6\n",
      "[90]\ttraining's rmse: 9051.47\tvalid_1's rmse: 22353.7\n",
      "[100]\ttraining's rmse: 8593.83\tvalid_1's rmse: 22200.4\n",
      "[110]\ttraining's rmse: 8186.38\tvalid_1's rmse: 22010\n",
      "[120]\ttraining's rmse: 7834.26\tvalid_1's rmse: 21844.6\n",
      "[130]\ttraining's rmse: 7523.76\tvalid_1's rmse: 21690.8\n",
      "[140]\ttraining's rmse: 7234.98\tvalid_1's rmse: 21535.9\n",
      "[150]\ttraining's rmse: 6977.78\tvalid_1's rmse: 21430.9\n",
      "[160]\ttraining's rmse: 6769.31\tvalid_1's rmse: 21359.8\n",
      "[170]\ttraining's rmse: 6522.52\tvalid_1's rmse: 21262.4\n",
      "[180]\ttraining's rmse: 6309.57\tvalid_1's rmse: 21183.6\n",
      "[190]\ttraining's rmse: 6131.93\tvalid_1's rmse: 21111.9\n",
      "[200]\ttraining's rmse: 5970.62\tvalid_1's rmse: 21042.3\n",
      "[210]\ttraining's rmse: 5819.3\tvalid_1's rmse: 20982.2\n",
      "[220]\ttraining's rmse: 5689.55\tvalid_1's rmse: 20924.3\n",
      "[230]\ttraining's rmse: 5565.23\tvalid_1's rmse: 20878.1\n",
      "[240]\ttraining's rmse: 5428.02\tvalid_1's rmse: 20836.7\n",
      "[250]\ttraining's rmse: 5315.95\tvalid_1's rmse: 20807.9\n",
      "[260]\ttraining's rmse: 5200.75\tvalid_1's rmse: 20756.4\n",
      "[270]\ttraining's rmse: 5082.07\tvalid_1's rmse: 20713.4\n",
      "[280]\ttraining's rmse: 4975.17\tvalid_1's rmse: 20674.9\n",
      "[290]\ttraining's rmse: 4886.83\tvalid_1's rmse: 20649.6\n",
      "[300]\ttraining's rmse: 4803.11\tvalid_1's rmse: 20627.3\n",
      "[310]\ttraining's rmse: 4706.16\tvalid_1's rmse: 20601.7\n",
      "[320]\ttraining's rmse: 4621.65\tvalid_1's rmse: 20573.8\n",
      "[330]\ttraining's rmse: 4545.87\tvalid_1's rmse: 20544.7\n",
      "[340]\ttraining's rmse: 4461.09\tvalid_1's rmse: 20520.3\n",
      "[350]\ttraining's rmse: 4385.76\tvalid_1's rmse: 20496.8\n",
      "[360]\ttraining's rmse: 4313.87\tvalid_1's rmse: 20484\n",
      "[370]\ttraining's rmse: 4241.49\tvalid_1's rmse: 20456.4\n",
      "[380]\ttraining's rmse: 4166.99\tvalid_1's rmse: 20438.3\n",
      "[390]\ttraining's rmse: 4083.65\tvalid_1's rmse: 20420.4\n",
      "[400]\ttraining's rmse: 4026.04\tvalid_1's rmse: 20408.8\n",
      "[410]\ttraining's rmse: 3961.82\tvalid_1's rmse: 20392.7\n",
      "[420]\ttraining's rmse: 3904.32\tvalid_1's rmse: 20375.1\n",
      "[430]\ttraining's rmse: 3847.05\tvalid_1's rmse: 20357\n",
      "[440]\ttraining's rmse: 3800.25\tvalid_1's rmse: 20349.2\n",
      "[450]\ttraining's rmse: 3745.43\tvalid_1's rmse: 20337.1\n",
      "[460]\ttraining's rmse: 3691.03\tvalid_1's rmse: 20325.7\n",
      "[470]\ttraining's rmse: 3637.51\tvalid_1's rmse: 20308\n",
      "[480]\ttraining's rmse: 3584.68\tvalid_1's rmse: 20297.2\n",
      "[490]\ttraining's rmse: 3532.2\tvalid_1's rmse: 20284.7\n",
      "[500]\ttraining's rmse: 3479.38\tvalid_1's rmse: 20270.5\n",
      "[510]\ttraining's rmse: 3430.57\tvalid_1's rmse: 20255.7\n",
      "[520]\ttraining's rmse: 3381.35\tvalid_1's rmse: 20242.4\n",
      "[530]\ttraining's rmse: 3339.12\tvalid_1's rmse: 20232.3\n",
      "[540]\ttraining's rmse: 3296.66\tvalid_1's rmse: 20215\n",
      "[550]\ttraining's rmse: 3255.12\tvalid_1's rmse: 20205.7\n",
      "[560]\ttraining's rmse: 3211.73\tvalid_1's rmse: 20194.4\n",
      "[570]\ttraining's rmse: 3172.54\tvalid_1's rmse: 20186.9\n",
      "[580]\ttraining's rmse: 3132.24\tvalid_1's rmse: 20179.4\n",
      "[590]\ttraining's rmse: 3093.79\tvalid_1's rmse: 20171.3\n",
      "[600]\ttraining's rmse: 3051.25\tvalid_1's rmse: 20162.9\n",
      "[610]\ttraining's rmse: 3012.41\tvalid_1's rmse: 20154.4\n",
      "[620]\ttraining's rmse: 2976.55\tvalid_1's rmse: 20149.2\n",
      "[630]\ttraining's rmse: 2939.5\tvalid_1's rmse: 20139.5\n",
      "[640]\ttraining's rmse: 2895.38\tvalid_1's rmse: 20128.6\n",
      "[650]\ttraining's rmse: 2859.51\tvalid_1's rmse: 20122.6\n",
      "[660]\ttraining's rmse: 2825.84\tvalid_1's rmse: 20114.6\n",
      "[670]\ttraining's rmse: 2794.54\tvalid_1's rmse: 20110.5\n",
      "[680]\ttraining's rmse: 2766.14\tvalid_1's rmse: 20105.1\n",
      "[690]\ttraining's rmse: 2733.67\tvalid_1's rmse: 20101.2\n",
      "[700]\ttraining's rmse: 2703.34\tvalid_1's rmse: 20097.7\n",
      "[710]\ttraining's rmse: 2668.14\tvalid_1's rmse: 20094\n",
      "[720]\ttraining's rmse: 2641.56\tvalid_1's rmse: 20091.7\n",
      "[730]\ttraining's rmse: 2603.13\tvalid_1's rmse: 20087.3\n",
      "[740]\ttraining's rmse: 2569.69\tvalid_1's rmse: 20085.5\n",
      "[750]\ttraining's rmse: 2539.49\tvalid_1's rmse: 20082.5\n",
      "[760]\ttraining's rmse: 2513.35\tvalid_1's rmse: 20083.1\n",
      "Early stopping, best iteration is:\n",
      "[752]\ttraining's rmse: 2533.18\tvalid_1's rmse: 20081.2\n"
     ]
    },
    {
     "data": {
      "text/html": [
       "<div>\n",
       "<style scoped>\n",
       "    .dataframe tbody tr th:only-of-type {\n",
       "        vertical-align: middle;\n",
       "    }\n",
       "\n",
       "    .dataframe tbody tr th {\n",
       "        vertical-align: top;\n",
       "    }\n",
       "\n",
       "    .dataframe thead th {\n",
       "        text-align: right;\n",
       "    }\n",
       "</style>\n",
       "<table border=\"1\" class=\"dataframe\">\n",
       "  <thead>\n",
       "    <tr style=\"text-align: right;\">\n",
       "      <th></th>\n",
       "      <th>importance</th>\n",
       "    </tr>\n",
       "  </thead>\n",
       "  <tbody>\n",
       "    <tr>\n",
       "      <th>築年数</th>\n",
       "      <td>4.008499e+13</td>\n",
       "    </tr>\n",
       "    <tr>\n",
       "      <th>面積</th>\n",
       "      <td>2.431580e+14</td>\n",
       "    </tr>\n",
       "    <tr>\n",
       "      <th>契約期間</th>\n",
       "      <td>6.582397e+12</td>\n",
       "    </tr>\n",
       "    <tr>\n",
       "      <th>定期借家</th>\n",
       "      <td>1.857613e+12</td>\n",
       "    </tr>\n",
       "    <tr>\n",
       "      <th>所在階</th>\n",
       "      <td>4.746837e+12</td>\n",
       "    </tr>\n",
       "    <tr>\n",
       "      <th>全体の階数</th>\n",
       "      <td>3.579679e+13</td>\n",
       "    </tr>\n",
       "    <tr>\n",
       "      <th>最寄り駅</th>\n",
       "      <td>7.055608e+13</td>\n",
       "    </tr>\n",
       "    <tr>\n",
       "      <th>所要時間</th>\n",
       "      <td>8.187477e+12</td>\n",
       "    </tr>\n",
       "    <tr>\n",
       "      <th>所在地</th>\n",
       "      <td>2.802448e+13</td>\n",
       "    </tr>\n",
       "    <tr>\n",
       "      <th>部屋数</th>\n",
       "      <td>2.472790e+12</td>\n",
       "    </tr>\n",
       "    <tr>\n",
       "      <th>L</th>\n",
       "      <td>1.830370e+14</td>\n",
       "    </tr>\n",
       "    <tr>\n",
       "      <th>D</th>\n",
       "      <td>2.460551e+11</td>\n",
       "    </tr>\n",
       "    <tr>\n",
       "      <th>K</th>\n",
       "      <td>7.304553e+10</td>\n",
       "    </tr>\n",
       "    <tr>\n",
       "      <th>S</th>\n",
       "      <td>1.136303e+11</td>\n",
       "    </tr>\n",
       "  </tbody>\n",
       "</table>\n",
       "</div>"
      ],
      "text/plain": [
       "         importance\n",
       "築年数    4.008499e+13\n",
       "面積     2.431580e+14\n",
       "契約期間   6.582397e+12\n",
       "定期借家   1.857613e+12\n",
       "所在階    4.746837e+12\n",
       "全体の階数  3.579679e+13\n",
       "最寄り駅   7.055608e+13\n",
       "所要時間   8.187477e+12\n",
